0 -1.777 -0.223 0.9865
0.01 -1.777 -0.223 0.9865
0.02 -1.777 -0.223 0.9865
0.03    -1.777 -0.222999  0.986499
0.04    -1.777 -0.222997  0.986497
0.05    -1.777 -0.222994  0.986492
0.06  -1.77699 -0.222987  0.986484
0.07  -1.77698 -0.222976  0.986471
0.08  -1.77697 -0.222959  0.986452
0.09  -1.77695 -0.222935  0.986424
0.1  -1.77692 -0.222901  0.986385
0.11  -1.77689 -0.222857  0.986333
0.12 -1.77685  -0.2228 0.986266
0.13  -1.77679 -0.222728  0.986181
0.14  -1.77672 -0.222638  0.986075
0.15  -1.77663 -0.222528  0.985946
0.16  -1.77653 -0.222396   0.98579
0.17  -1.77641 -0.222238  0.985605
0.18  -1.77626 -0.222053  0.985386
0.19  -1.77609 -0.221838  0.985132
0.2   -1.7759 -0.221589  0.984837
0.21  -1.77567 -0.221304    0.9845
0.22 -1.77542 -0.22098 0.984116
0.23  -1.77512 -0.220614  0.983682
0.24   -1.7748 -0.220203  0.983195
0.25  -1.77443 -0.219745  0.982649
0.26  -1.77402 -0.219235  0.982043
0.27  -1.77357 -0.218672  0.981372
0.28  -1.77307 -0.218052  0.980632
0.29  -1.77252 -0.217372   0.97982
0.3  -1.77191 -0.216629  0.978932
0.31  -1.77126 -0.215821  0.977965
0.32  -1.77054 -0.214944  0.976914
0.33  -1.76976 -0.213995  0.975776
0.34  -1.76892 -0.212973  0.974547
0.35  -1.76801 -0.211873  0.973224
0.36  -1.76704 -0.210694  0.971804
0.37  -1.76599 -0.209432  0.970282
0.38  -1.76487 -0.208085  0.968655
0.39 -1.76367 -0.20665 0.966921
0.4  -1.76239 -0.205126  0.965075
0.41  -1.76103 -0.203509  0.963114
0.42  -1.75958 -0.201798  0.961036
0.43  -1.75805 -0.199989  0.958837
0.44  -1.75642 -0.198082  0.956514
0.45  -1.75471 -0.196073  0.954065
0.46   -1.7529 -0.193962  0.951486
0.47  -1.75099 -0.191745  0.948775
0.48  -1.74898 -0.189423   0.94593
0.49  -1.74687 -0.186991  0.942947
0.5  -1.74466 -0.184451  0.939825
0.51  -1.74234 -0.181799  0.936561
0.52  -1.73991 -0.179035  0.933153
0.53  -1.73737 -0.176157  0.929599
0.54  -1.73472 -0.173164  0.925898
0.55  -1.73195 -0.170056  0.922046
0.56  -1.72907 -0.166832  0.918044
0.57 -1.72607 -0.16349 0.913889
0.58  -1.72295 -0.160031  0.909579
0.59  -1.71971 -0.156454  0.905115
0.6  -1.71635 -0.152758  0.900494
0.61  -1.71286 -0.148943  0.895715
0.62 -1.70925 -0.14501 0.890778
0.63  -1.70551 -0.140958  0.885683
0.64  -1.70164 -0.136787  0.880427
0.65  -1.69765 -0.132499  0.875012
0.66  -1.69352 -0.128092  0.869437
0.67  -1.68926 -0.123569  0.863701
0.68  -1.68487 -0.118929  0.857805
0.69  -1.68034 -0.114173  0.851748
0.7  -1.67568 -0.109303  0.845532
0.71  -1.67088 -0.104319  0.839156
0.72   -1.66595 -0.0992222   0.832621
0.73   -1.66089 -0.0940148   0.825928
0.74   -1.65568 -0.0886978   0.819078
0.75   -1.65034 -0.0832727   0.812072
0.76   -1.64486 -0.0777414    0.80491
0.77   -1.63925 -0.0721056   0.797594
0.78   -1.63349 -0.0663674   0.790126
0.79    -1.6276 -0.0605287   0.782506
0.8   -1.62158 -0.0545917   0.774738
0.81   -1.61541 -0.0485588   0.766822
0.82   -1.60911 -0.0424324    0.75876
0.83   -1.60267 -0.0362151   0.750556
0.84   -1.59609 -0.0299094   0.742209
0.85   -1.58938 -0.0235182   0.733724
0.86   -1.58253 -0.0170442   0.725103
0.87   -1.57555 -0.0104905   0.716348
0.88    -1.56843 -0.00386014    0.707462
0.89   -1.56118 0.00284374   0.698447
0.9    -1.5538 0.00961786   0.689307
0.91  -1.54628 0.0164589  0.680045
0.92  -1.53863 0.0233633  0.670664
0.93  -1.53086 0.0303277  0.661168
0.94  -1.52295 0.0373484  0.651558
0.95  -1.51492 0.0444216  0.641841
0.96  -1.50677 0.0515436  0.632017
0.97  -1.49849 0.0587105  0.622093
0.98  -1.49008 0.0659183   0.61207
0.99  -1.48156 0.0731632  0.601954
1 -1.47291 0.080441 0.591748
1.01  -1.46415 0.0877474  0.581457
1.02  -1.45526 0.0950785  0.571083
1.03 -1.44627  0.10243 0.560633
1.04 -1.43716 0.109797 0.550109
1.05 -1.42794 0.117176 0.539517
1.06 -1.41861 0.124562 0.528861
1.07 -1.40918 0.131951 0.518145
1.08 -1.39964 0.139338 0.507374
1.09 -1.38999 0.146718 0.496553
1.1 -1.38025 0.154088 0.485686
1.11 -1.37041 0.161442 0.474779
1.12 -1.36047 0.168776 0.463835
1.13 -1.35044 0.176086 0.452861
1.14 -1.34031 0.183366  0.44186
1.15  -1.3301 0.190612 0.430838
1.16  -1.3198 0.197819 0.419799
1.17 -1.30942 0.204982  0.40875
1.18 -1.29896 0.212098 0.397694
1.19 -1.28841  0.21916 0.386637
1.2 -1.27779 0.226165 0.375584
1.21  -1.2671 0.233108  0.36454
1.22 -1.25634 0.239984  0.35351
1.23 -1.24551 0.246788 0.342499
1.24 -1.23461 0.253516 0.331513
1.25 -1.22365 0.260163 0.320556
1.26 -1.21263 0.266725 0.309634
1.27 -1.20156 0.273197 0.298752
1.28 -1.19043 0.279575 0.287915
1.29 -1.17924 0.285853 0.277127
1.3 -1.16801 0.292028 0.266395
1.31 -1.15674 0.298096 0.255722
1.32 -1.14542 0.304051 0.245115
1.33 -1.13406 0.309891 0.234578
1.34 -1.12267 0.315609 0.224115
1.35 -1.11124 0.321204 0.213733
1.36 -1.09978 0.326669 0.203435
1.37  -1.0883 0.332002 0.193226
1.38 -1.07678 0.337198 0.183112
1.39 -1.06525 0.342254 0.173097
1.4  -1.0537 0.347165 0.163186
1.41 -1.04213 0.351929 0.153382
1.42 -1.03055 0.356541 0.143691
1.43 -1.01895 0.360998 0.134118
1.44 -1.00735 0.365297 0.124665
1.45 -0.995747  0.369434  0.115339
1.46 -0.98414 0.373406 0.106142
1.47 -0.972534   0.37721 0.0970794
1.48 -0.960932  0.380843 0.0881546
1.49 -0.949336  0.384303 0.0793719
1.5 -0.937749  0.387586 0.0707349
1.51 -0.926175  0.390689 0.0622475
1.52 -0.914615  0.393611 0.0539132
1.53 -0.903073   0.39635 0.0457355
1.54 -0.891552  0.398901 0.0377178
1.55 -0.880052  0.401265 0.0298635
1.56 -0.868579  0.403438 0.0221756
1.57 -0.857133  0.405419 0.0146573
1.58  -0.845717   0.407206 0.00731154
1.59   -0.834335    0.408797 0.000141029
1.6   -0.822987    0.410192 -0.00685152
1.61  -0.811677   0.411389 -0.0136636
1.62  -0.800407   0.412386 -0.0202927
1.63   -0.78918   0.413183 -0.0267367
1.64  -0.777997    0.41378 -0.0329932
1.65  -0.766861   0.414174 -0.0390605
1.66  -0.755773   0.414367 -0.0449365
1.67  -0.744736   0.414357 -0.0506197
1.68  -0.733753   0.414144 -0.0561084
1.69  -0.722824   0.413729 -0.0614013
1.7  -0.711952   0.413112 -0.0664971
1.71  -0.701138   0.412292 -0.0713946
1.72 -0.690385  0.411271 -0.076093
1.73  -0.679694   0.410049 -0.0805915
1.74  -0.669067   0.408626 -0.0848895
1.75  -0.658506   0.407005 -0.0889863
1.76  -0.648011   0.405186 -0.0928819
1.77  -0.637585    0.40317 -0.0965759
1.78 -0.627229  0.400959 -0.100069
1.79 -0.616943  0.398556  -0.10336
1.8 -0.60673  0.39596 -0.10645
1.81 -0.596591  0.393176  -0.10934
1.82 -0.586527  0.390204 -0.112031
1.83 -0.576538  0.387047 -0.114522
1.84 -0.566626  0.383709 -0.116816
1.85 -0.556792  0.380191 -0.118913
1.86 -0.547036  0.376497 -0.120815
1.87  -0.53736   0.37263 -0.122523
1.88 -0.527763  0.368592 -0.124039
1.89 -0.518247  0.364388 -0.125365
1.9 -0.508813  0.360021 -0.126502
1.91 -0.499459  0.355496 -0.127454
1.92 -0.490188  0.350814 -0.128222
1.93 -0.480999  0.345982  -0.12881
1.94 -0.471892  0.341004 -0.129219
1.95 -0.462869  0.335883 -0.129452
1.96 -0.453927  0.330624 -0.129513
1.97 -0.445069  0.325233 -0.129405
1.98 -0.436293  0.319713  -0.12913
1.99   -0.4276  0.314071 -0.128694
2 -0.418989  0.308312 -0.128098
2.01  -0.41046   0.30244 -0.127348
2.02 -0.402013  0.296462 -0.126447
2.03 -0.393647  0.290383 -0.125398
2.04 -0.385362  0.284209 -0.124207
2.05 -0.377156  0.277945 -0.122878
2.06 -0.369031  0.271599 -0.121415
2.07 -0.360984  0.265176 -0.119823
2.08 -0.353015  0.258683 -0.118106
2.09 -0.345123  0.252126  -0.11627
2.1 -0.337307  0.245511  -0.11432
2.11 -0.329567  0.238846 -0.112261
2.12   -0.3219  0.232137 -0.110097
2.13 -0.314307  0.225391 -0.107836
2.14 -0.306785  0.218615 -0.105481
2.15 -0.299334  0.211816 -0.103038
2.16 -0.291952  0.205002 -0.100514
2.17  -0.284638   0.198179 -0.0979142
2.18 -0.277391  0.191355 -0.095244
2.19  -0.270209   0.184537 -0.0925097
2.2   -0.26309   0.177734 -0.0897173
2.21  -0.256034   0.170951 -0.0868728
2.22  -0.249038   0.164197 -0.0839824
2.23    -0.2421    0.15748 -0.0810524
2.24   -0.23522   0.150807 -0.0780889
2.25  -0.228395   0.144185 -0.0750983
2.26  -0.221624   0.137622 -0.0720868
2.27  -0.214904   0.131127 -0.0690609
2.28  -0.208235   0.124706 -0.0660269
2.29  -0.201614   0.118367 -0.0629912
2.3  -0.195039   0.112118 -0.0599601
2.31  -0.188509   0.105966 -0.0569401
2.32  -0.182021  0.0999193 -0.0539375
2.33  -0.175574   0.093985 -0.0509587
2.34  -0.169165  0.0881705 -0.0480099
2.35  -0.162793  0.0824833 -0.0450973
2.36  -0.156457  0.0769305 -0.0422273
2.37  -0.150153  0.0715195 -0.0394059
2.38   -0.14388  0.0662573 -0.0366393
2.39  -0.137636  0.0611508 -0.0339333
2.4   -0.13142  0.0562069 -0.0312939
2.41  -0.125229  0.0514324 -0.0287269
2.42  -0.119061  0.0468337 -0.0262379
2.43  -0.112916  0.0424173 -0.0238325
2.44  -0.10679 0.0381894 -0.021516
2.45  -0.100682  0.0341561 -0.0192938
2.46 -0.0945908  0.0303231 -0.0171709
2.47 -0.0885145  0.0266962 -0.0151522
2.48 -0.0824515  0.0232807 -0.0132424
2.49 -0.0764002  0.0200818  -0.011446
2.5  -0.0703591   0.0171043 -0.00976738
2.51 -0.0643269  0.0143528 -0.0082105
2.52  -0.0583023   0.0118318 -0.00677919
2.53   -0.052284  0.00954521 -0.00547702
2.54  -0.0462708  0.00749678 -0.00430726
2.55  -0.0402618  0.00568988 -0.00327289
2.56   -0.034256  0.00412755 -0.00237661
2.57  -0.0282525  0.00281244 -0.00162076
2.58  -0.0222506  0.00174686 -0.00100738
2.59   -0.0162497  0.000932658 -0.000538138
2.6   -0.0102495  0.000371315 -0.000214326
2.61   -0.0042494  6.38507e-05 -3.68628e-05
